9      10 1218 6568
1     280  273
2     280  273
3     280  273
4     280  273
5     280  273
6     280  273
7     280  273
8     280 1276
9    1680 1276
0       9    6    2    1
0      11    5    2   -1
1       9    6    2    1
1       9    6    1   -1
1       9    7    1   -1
1       9    7    2   -1
1       9    6    2   -1
2       9    6    2    1
2       0    8    2   -1
3       2    4    2    1
3       0    4    2   -1
4       2    4    2    1
4       2    5    1   -1
4       2    6    1   -1
4       2    7    1   -1
4       2    7    2   -1
4       2    6    2   -1
4       2    5    2   -1
5       2    4    2    1
5      11    4    2   -1
6       0    2    4    1
6      11    2    4   -1
7       6    0    3    1
7      11    1    4   -1
8       0    6    2    1
8       7    0    3   -1
9       1    5    1    1
9       1    6    1    1
9       1    7    1    1
9       1    8    1    1
9       1    8    2    1
9       1    7    2    1
9       1    6    2    1
9       1    5    2    1
9       2    9    2    1
9       4    9    2    1
9       4    8    2    1
9       4    7    2    1
9       2    9    1    1
9       3    0    3   -1
